600,321,934
1,1,10
2,1,70
2,2,10
3,1,70
3,90,70
4,2,50
4,3,50
4,61,100
5,2,70
5,30,70
5,61,100
6,2,30
6,61,100
7,90,10
7,91,10
8,90,50
8,91,30
8,116,50
9,129,10
10,130,100
11,3,10
11,13,10
12,131,70
13,132,10
14,30,10
15,38,10
16,46,100
17,52,10
18,133,50
19,66,70
20,73,70
21,134,30
22,92,50
23,135,10
24,106,30
25,106,70
25,114,100
26,136,50
27,119,70
28,116,70
28,120,50
29,137,70
30,124,10
30,125,70
30,129,100
31,125,100
32,125,30
32,127,100
32,129,100
33,125,10
33,129,70
34,4,50
34,130,10
35,5,30
36,4,10
36,7,100
37,8,30
37,130,10
38,130,100
39,14,70
40,15,10
41,138,10
42,139,70
43,13,30
43,18,70
44,21,10
45,21,100
46,21,30
47,21,10
47,22,70
48,24,30
48,131,50
49,140,10
50,26,50
50,132,30
51,27,10
52,26,50
52,28,70
53,141,50
54,31,100
55,33,10
55,37,100
56,31,50
56,37,30
57,36,30
58,33,10
58,37,100
59,39,30
60,44,30
61,38,10
61,41,70
62,38,30
62,42,50
63,44,10
64,46,30
65,47,30
66,142,100
67,143,50
68,144,30
69,145,30
70,53,30
71,52,50
71,55,100
72,56,70
73,59,100
74,133,50
75,146,50
76,147,100
77,64,30
78,148,50
79,66,70
79,71,50
80,149,50
81,68,50
82,66,70
82,70,10
83,66,100
83,71,10
84,73,50
84,74,50
85,80,100
86,150,10
87,73,50
87,78,30
88,80,70
89,151,10
90,84,50
90,134,70
91,84,10
91,87,50
92,84,100
92,134,50
93,89,10
93,134,70
94,93,50
95,93,10
95,95,50
96,93,70
96,96,100
96,98,70
97,92,70
97,98,50
98,98,10
99,152,100
100,101,100
101,102,70
101,135,30
102,101,50
102,103,30
102,135,100
103,104,70
103,135,50
104,108,10
105,108,10
106,109,10
107,111,50
108,113,70
109,114,30
110,115,70
111,115,10
112,114,70
112,115,70
113,115,10
114,118,10
115,117,10
115,118,70
116,117,70
116,118,30
116,136,10
117,118,70
118,117,50
118,136,50
119,119,100
119,153,30
119,154,100
120,153,50
120,154,10
121,153,30
121,154,100
122,154,10
123,153,70
124,121,10
125,121,70
126,121,50
127,120,50
128,120,70
129,122,70
129,155,100
130,137,30
131,122,100
131,123,100
132,123,50
133,155,50
134,124,50
134,156,100
134,157,100
135,156,10
136,157,10
137,157,30
138,124,10
138,157,30
139,126,50
140,126,10
141,158,50
142,126,50
142,158,70
143,126,30
143,158,100
144,127,30
144,128,30
144,159,10
145,159,70
146,128,100
147,127,70
147,128,50
148,128,10
148,159,30
149,160,30
150,160,50
150,161,70
151,160,10
151,161,50
152,161,100
153,160,30
153,161,70
154,162,70
154,164,100
155,162,30
155,164,70
156,162,10
157,163,50
158,162,10
158,163,10
158,164,70
159,164,100
160,165,70
161,166,50
162,5,50
163,6,10
163,165,100
164,6,100
164,165,30
165,6,30
165,166,10
166,167,30
167,167,100
168,168,30
169,7,100
170,7,100
170,167,70
170,168,30
171,7,50
171,168,50
172,9,30
172,10,10
172,169,30
173,9,10
174,169,100
175,8,10
175,10,30
176,10,50
176,11,10
177,11,30
177,169,70
178,12,10
178,170,70
178,171,50
178,172,30
179,170,70
180,171,70
180,172,50
181,172,100
182,12,10
182,172,50
183,170,30
183,171,30
184,173,50
185,174,50
185,175,50
186,174,70
187,175,10
188,14,50
188,173,50
188,175,50
189,173,50
189,174,70
189,175,50
190,15,50
190,176,30
191,15,70
191,177,30
192,176,100
193,15,10
193,177,10
194,177,100
195,176,100
196,138,70
197,178,70
197,179,10
198,179,30
199,138,70
199,180,10
200,180,50
201,178,30
201,180,50
202,181,50
203,181,10
204,16,100
204,139,70
205,16,70
205,17,100
206,139,70
207,17,30
207,139,100
208,19,30
208,182,100
209,18,30
209,19,10
209,182,50
210,182,100
211,19,100
212,19,30
213,18,70
214,20,50
214,183,70
214,184,50
215,20,50
215,183,70
215,184,50
216,183,100
217,20,100
217,184,100
218,184,100
219,183,10
220,185,50
221,185,30
222,186,70
223,186,10
224,186,50
225,186,50
226,187,50
227,187,100
227,188,50
228,188,70
229,188,100
229,189,30
230,189,70
231,187,100
232,22,50
233,22,50
233,190,50
234,23,30
235,190,50
236,23,30
237,23,100
237,190,100
238,25,10
239,25,30
239,191,100
240,25,30
241,191,10
242,191,50
243,24,10
243,25,10
244,192,70
245,140,10
245,192,50
245,193,10
246,192,70
246,193,70
247,193,50
248,140,10
248,192,50
248,193,100
248,194,100
249,194,70
250,195,70
250,197,70
251,196,100
251,197,10
252,195,50
252,197,30
253,196,100
254,197,50
255,196,70
256,198,30
257,27,50
258,198,10
259,27,10
260,198,30
261,198,30
262,199,10
263,28,30
264,28,100
264,199,70
264,200,50
265,199,100
266,200,50
267,28,70
268,201,50
269,29,70
270,201,30
271,141,30
271,201,100
272,29,10
272,201,70
273,141,50
274,202,100
275,32,100
275,202,10
275,203,70
276,202,70
276,203,10
277,32,100
277,202,50
277,203,100
278,203,10
279,32,100
280,204,50
280,205,100
281,34,100
281,204,70
281,205,50
282,204,30
283,34,30
283,205,10
284,34,100
285,205,50
286,35,50
286,207,70
287,35,10
287,206,70
287,207,10
288,206,70
289,206,100
290,207,30
291,35,100
291,206,30
292,36,10
292,208,70
292,209,100
293,208,30
293,210,100
294,209,70
295,208,50
295,209,70
295,210,30
296,36,10
296,209,70
296,210,70
297,210,30
298,211,50
299,211,100
299,213,70
300,212,100
301,213,70
302,211,10
302,212,100
303,211,70
304,40,70
304,215,10
305,214,50
305,215,70
306,40,30
306,214,70
307,40,30
308,39,50
308,215,70
309,215,30
310,216,50
311,216,100
312,216,10
313,217,70
314,216,30
315,217,30
316,218,70
316,219,10
316,220,100
317,219,30
318,220,30
319,41,10
319,218,30
319,219,100
319,220,10
320,218,100
320,219,70
320,220,30
321,41,30
321,218,50
322,43,30
322,221,50
323,42,70
323,43,30
324,221,100
325,42,50
326,43,70
327,42,50
327,43,70
328,222,70
329,223,10
330,45,50
330,222,10
330,223,50
330,224,10
331,222,10
332,45,70
332,224,50
333,224,30
334,225,10
334,227,100
335,226,50
336,227,30
337,225,50
337,226,70
337,227,70
338,226,100
338,227,50
339,225,100
340,47,50
341,48,10
341,49,100
341,228,10
342,47,50
342,48,50
342,49,70
343,47,70
343,48,70
344,48,30
344,49,100
345,228,30
346,50,10
346,229,70
347,50,100
347,142,70
348,50,30
349,142,70
350,50,70
351,229,100
352,143,100
353,230,70
354,231,30
355,51,100
355,230,100
355,232,100
356,51,50
356,143,10
356,231,50
356,232,70
357,232,100
358,233,30
359,234,100
360,144,30
360,234,10
361,144,10
361,233,70
361,234,50
361,235,10
362,144,10
362,234,70
363,235,10
364,145,70
364,238,30
365,236,70
366,145,10
366,238,10
367,237,10
368,238,70
369,236,70
369,237,10
370,239,100
371,53,50
371,54,70
371,239,10
372,53,100
372,239,70
372,241,30
373,53,70
373,54,10
373,239,50
373,240,30
373,241,30
374,240,30
375,241,10
376,242,70
377,242,50
377,243,100
378,55,100
379,242,30
379,243,70
380,243,100
381,242,50
381,243,70
382,56,50
382,57,30
382,244,100
383,244,100
384,245,50
385,56,70
385,58,70
385,244,100
386,57,100
386,58,10
386,245,70
387,245,50
388,60,10
389,59,10
389,60,70
389,246,10
390,60,30
391,246,30
392,246,50
393,59,100
393,246,10
394,247,50
395,247,100
396,248,50
397,62,30
397,248,30
398,248,70
399,62,50
400,249,70
401,250,50
402,250,10
403,146,10
403,249,50
403,250,100
403,251,10
404,251,100
405,250,70
405,251,70
406,63,10
407,252,10
408,63,30
408,147,70
408,252,50
409,63,30
409,147,50
410,252,10
411,147,10
411,252,100
412,64,70
412,253,30
412,254,70
413,253,10
414,65,10
414,254,70
415,253,50
416,254,30
417,65,30
418,255,100
418,256,50
419,148,70
420,148,50
420,257,10
421,256,100
422,257,50
423,148,10
423,255,70
423,257,50
424,258,10
424,259,70
424,260,30
425,259,50
425,260,10
426,260,70
427,258,50
427,259,10
427,261,30
428,261,50
429,260,30
430,262,30
431,67,70
432,67,70
432,149,10
432,262,70
432,263,70
433,67,10
433,263,50
434,67,50
434,263,50
435,263,30
436,69,30
437,69,30
438,68,50
438,69,10
439,68,30
440,264,30
441,264,100
442,265,50
443,70,70
444,70,50
444,265,10
444,266,50
445,265,30
445,266,10
446,265,70
447,266,100
448,72,100
448,268,10
449,267,50
450,72,70
450,267,100
451,268,100
452,72,50
452,269,10
453,269,100
454,270,70
455,75,50
455,270,50
456,271,100
457,271,50
458,74,100
459,75,10
460,76,30
460,272,70
461,272,10
461,273,10
462,76,30
463,273,30
464,272,100
465,76,30
465,272,50
466,77,50
466,150,100
467,274,70
468,77,30
468,150,50
469,77,30
469,274,30
470,150,50
470,274,50
471,274,70
472,79,100
473,79,100
474,78,10
474,275,100
475,275,50
475,276,30
476,275,70
477,276,100
478,81,50
479,277,50
480,81,100
480,277,30
481,277,70
482,81,100
483,81,70
483,277,30
484,151,70
485,82,10
485,151,10
486,151,70
487,82,50
487,83,10
488,83,10
489,82,50
489,83,50
490,278,100
491,85,10
491,86,30
492,85,50
493,85,50
494,86,30
494,278,100
495,278,100
496,279,70
496,280,50
497,87,30
497,88,100
498,87,30
499,88,70
499,279,10
499,280,100
500,280,50
501,88,70
502,281,30
503,281,100
503,284,30
504,282,10
504,283,50
504,284,10
505,283,10
505,284,30
506,284,50
507,282,100
508,89,10
509,285,70
510,89,10
510,285,50
510,286,100
511,89,70
511,285,100
511,286,10
512,286,70
513,285,50
514,287,50
515,94,10
515,287,70
515,288,30
516,288,30
517,287,70
518,94,100
519,287,70
520,95,10
521,289,10
521,290,70
521,291,100
521,292,50
522,290,30
522,291,10
523,291,10
524,95,30
524,289,100
524,291,70
525,292,70
526,96,50
526,293,10
527,293,30
528,96,10
528,293,10
529,96,30
529,294,30
530,294,30
531,293,10
532,295,70
532,296,30
533,97,100
534,97,100
534,295,10
534,296,50
535,97,100
535,296,100
536,97,30
537,296,70
538,297,50
539,99,50
539,297,100
540,298,50
541,299,10
542,298,10
542,299,30
543,99,10
543,299,100
544,152,30
544,300,100
545,100,70
545,300,70
546,100,70
547,300,30
548,100,70
549,300,50
550,301,50
550,302,70
551,302,10
551,303,10
552,303,100
553,302,10
554,301,50
555,301,50
556,304,30
556,305,100
557,304,100
557,306,10
558,305,50
559,305,50
559,306,50
560,306,50
561,102,10
561,306,10
562,307,70
562,308,10
562,309,70
563,307,70
563,309,30
564,308,30
564,309,50
565,103,50
566,103,10
566,308,70
567,309,50
568,105,50
568,312,50
569,104,50
569,105,30
569,310,100
569,311,100
569,312,10
570,310,100
570,311,50
570,313,100
571,311,100
571,313,70
572,312,50
572,313,100
573,313,100
574,107,100
574,314,10
575,314,70
576,314,30
577,107,70
577,314,70
578,107,10
579,107,100
580,315,100
581,316,50
581,317,70
582,317,30
583,316,70
584,315,70
584,317,10
585,316,50
585,317,70
586,110,70
587,110,50
587,318,50
588,109,50
588,110,10
588,318,30
589,110,100
590,318,10
591,109,30
591,318,50
592,112,10
593,319,70
594,112,50
595,111,50
596,112,50
596,319,10
596,320,100
597,320,70
598,321,70
599,113,100
599,321,10
600,113,100
1,1,10
1,2,10
1,3,10
1,4,10
1,5,10
1,6,10
1,7,10
1,8,10
2,1,10
2,2,20
2,3,30
2,4,40
2,5,50
2,6,60
2,7,70
2,8,80
3,1,10
3,2,10
3,3,10
3,4,10
3,5,10
3,6,10
3,7,10
3,8,10
4,1,10
4,2,20
4,3,30
4,4,40
4,5,50
4,6,60
4,7,70
4,8,80
5,1,80
5,2,70
5,3,60
5,4,50
5,5,40
5,6,30
5,7,20
5,8,10
6,1,80
6,2,70
6,3,60
6,4,50
6,5,40
6,6,30
6,7,20
6,8,10
7,1,10
7,2,10
7,3,10
7,4,10
7,5,10
7,6,10
7,7,10
7,8,10
8,1,10
8,2,10
8,3,10
8,4,10
8,5,10
8,6,10
8,7,10
8,8,10
9,1,10
9,2,20
9,3,30
9,4,40
9,5,50
9,6,60
9,7,70
9,8,80
10,1,10
10,2,20
10,3,30
10,4,40
10,5,50
10,6,60
10,7,70
10,8,80
11,1,10
11,2,10
11,3,10
11,4,10
11,5,10
11,6,10
11,7,10
11,8,10
12,1,80
12,2,70
12,3,60
12,4,50
12,5,40
12,6,30
12,7,20
12,8,10
13,1,10
13,2,10
13,3,10
13,4,10
13,5,10
13,6,10
13,7,10
13,8,10
14,1,10
14,2,20
14,3,30
14,4,40
14,5,50
14,6,60
14,7,70
14,8,80
15,1,10
15,2,10
15,3,10
15,4,10
15,5,10
15,6,10
15,7,10
15,8,10
16,1,10
16,2,20
16,3,30
16,4,40
16,5,50
16,6,60
16,7,70
16,8,80
17,1,80
17,2,70
17,3,60
17,4,50
17,5,40
17,6,30
17,7,20
17,8,10
18,1,10
18,2,10
18,3,10
18,4,10
18,5,10
18,6,10
18,7,10
18,8,10
19,1,80
19,2,70
19,3,60
19,4,50
19,5,40
19,6,30
19,7,20
19,8,10
20,1,10
20,2,20
20,3,30
20,4,40
20,5,50
20,6,60
20,7,70
20,8,80
21,1,10
21,2,20
21,3,30
21,4,40
21,5,50
21,6,60
21,7,70
21,8,80
22,1,80
22,2,70
22,3,60
22,4,50
22,5,40
22,6,30
22,7,20
22,8,10
23,1,10
23,2,10
23,3,10
23,4,10
23,5,10
23,6,10
23,7,10
23,8,10
24,1,10
24,2,20
24,3,30
24,4,40
24,5,50
24,6,60
24,7,70
24,8,80
25,1,10
25,2,10
25,3,10
25,4,10
25,5,10
25,6,10
25,7,10
25,8,10
26,1,10
26,2,20
26,3,30
26,4,40
26,5,50
26,6,60
26,7,70
26,8,80
27,1,10
27,2,10
27,3,10
27,4,10
27,5,10
27,6,10
27,7,10
27,8,10
28,1,10
28,2,10
28,3,10
28,4,10
28,5,10
28,6,10
28,7,10
28,8,10
29,1,80
29,2,70
29,3,60
29,4,50
29,5,40
29,6,30
29,7,20
29,8,10
30,1,80
30,2,70
30,3,60
30,4,50
30,5,40
30,6,30
30,7,20
30,8,10
31,1,10
31,2,20
31,3,30
31,4,40
31,5,50
31,6,60
31,7,70
31,8,80
32,1,10
32,2,20
32,3,30
32,4,40
32,5,50
32,6,60
32,7,70
32,8,80
33,1,80
33,2,70
33,3,60
33,4,50
33,5,40
33,6,30
33,7,20
33,8,10
34,1,80
34,2,70
34,3,60
34,4,50
34,5,40
34,6,30
34,7,20
34,8,10
35,1,10
35,2,20
35,3,30
35,4,40
35,5,50
35,6,60
35,7,70
35,8,80
36,1,80
36,2,70
36,3,60
36,4,50
36,5,40
36,6,30
36,7,20
36,8,10
37,1,10
37,2,20
37,3,30
37,4,40
37,5,50
37,6,60
37,7,70
37,8,80
38,1,10
38,2,10
38,3,10
38,4,10
38,5,10
38,6,10
38,7,10
38,8,10
39,1,10
39,2,10
39,3,10
39,4,10
39,5,10
39,6,10
39,7,10
39,8,10
40,1,80
40,2,70
40,3,60
40,4,50
40,5,40
40,6,30
40,7,20
40,8,10
41,1,10
41,2,20
41,3,30
41,4,40
41,5,50
41,6,60
41,7,70
41,8,80
42,1,10
42,2,20
42,3,30
42,4,40
42,5,50
42,6,60
42,7,70
42,8,80
43,1,10
43,2,10
43,3,10
43,4,10
43,5,10
43,6,10
43,7,10
43,8,10
44,1,10
44,2,20
44,3,30
44,4,40
44,5,50
44,6,60
44,7,70
44,8,80
45,1,10
45,2,10
45,3,10
45,4,10
45,5,10
45,6,10
45,7,10
45,8,10
46,1,10
46,2,20
46,3,30
46,4,40
46,5,50
46,6,60
46,7,70
46,8,80
47,1,80
47,2,70
47,3,60
47,4,50
47,5,40
47,6,30
47,7,20
47,8,10
48,1,80
48,2,70
48,3,60
48,4,50
48,5,40
48,6,30
48,7,20
48,8,10
49,1,80
49,2,70
49,3,60
49,4,50
49,5,40
49,6,30
49,7,20
49,8,10
50,1,10
50,2,20
50,3,30
50,4,40
50,5,50
50,6,60
50,7,70
50,8,80
51,1,10
51,2,10
51,3,10
51,4,10
51,5,10
51,6,10
51,7,10
51,8,10
52,1,10
52,2,10
52,3,10
52,4,10
52,5,10
52,6,10
52,7,10
52,8,10
53,1,80
53,2,70
53,3,60
53,4,50
53,5,40
53,6,30
53,7,20
53,8,10
54,1,10
54,2,20
54,3,30
54,4,40
54,5,50
54,6,60
54,7,70
54,8,80
55,1,10
55,2,10
55,3,10
55,4,10
55,5,10
55,6,10
55,7,10
55,8,10
56,1,80
56,2,70
56,3,60
56,4,50
56,5,40
56,6,30
56,7,20
56,8,10
57,1,80
57,2,70
57,3,60
57,4,50
57,5,40
57,6,30
57,7,20
57,8,10
58,1,10
58,2,10
58,3,10
58,4,10
58,5,10
58,6,10
58,7,10
58,8,10
59,1,10
59,2,10
59,3,10
59,4,10
59,5,10
59,6,10
59,7,10
59,8,10
60,1,10
60,2,10
60,3,10
60,4,10
60,5,10
60,6,10
60,7,10
60,8,10
61,1,80
61,2,70
61,3,60
61,4,50
61,5,40
61,6,30
61,7,20
61,8,10
62,1,10
62,2,10
62,3,10
62,4,10
62,5,10
62,6,10
62,7,10
62,8,10
63,1,80
63,2,70
63,3,60
63,4,50
63,5,40
63,6,30
63,7,20
63,8,10
64,1,10
64,2,20
64,3,30
64,4,40
64,5,50
64,6,60
64,7,70
64,8,80
65,1,10
65,2,20
65,3,30
65,4,40
65,5,50
65,6,60
65,7,70
65,8,80
66,1,10
66,2,20
66,3,30
66,4,40
66,5,50
66,6,60
66,7,70
66,8,80
67,1,10
67,2,20
67,3,30
67,4,40
67,5,50
67,6,60
67,7,70
67,8,80
68,1,10
68,2,10
68,3,10
68,4,10
68,5,10
68,6,10
68,7,10
68,8,10
69,1,80
69,2,70
69,3,60
69,4,50
69,5,40
69,6,30
69,7,20
69,8,10
70,1,80
70,2,70
70,3,60
70,4,50
70,5,40
70,6,30
70,7,20
70,8,10
71,1,80
71,2,70
71,3,60
71,4,50
71,5,40
71,6,30
71,7,20
71,8,10
72,1,80
72,2,70
72,3,60
72,4,50
72,5,40
72,6,30
72,7,20
72,8,10
73,1,80
73,2,70
73,3,60
73,4,50
73,5,40
73,6,30
73,7,20
73,8,10
74,1,10
74,2,10
74,3,10
74,4,10
74,5,10
74,6,10
74,7,10
74,8,10
75,1,10
75,2,20
75,3,30
75,4,40
75,5,50
75,6,60
75,7,70
75,8,80
76,1,10
76,2,20
76,3,30
76,4,40
76,5,50
76,6,60
76,7,70
76,8,80
77,1,10
77,2,10
77,3,10
77,4,10
77,5,10
77,6,10
77,7,10
77,8,10
78,1,10
78,2,20
78,3,30
78,4,40
78,5,50
78,6,60
78,7,70
78,8,80
79,1,10
79,2,20
79,3,30
79,4,40
79,5,50
79,6,60
79,7,70
79,8,80
80,1,10
80,2,10
80,3,10
80,4,10
80,5,10
80,6,10
80,7,10
80,8,10
81,1,10
81,2,20
81,3,30
81,4,40
81,5,50
81,6,60
81,7,70
81,8,80
82,1,80
82,2,70
82,3,60
82,4,50
82,5,40
82,6,30
82,7,20
82,8,10
83,1,80
83,2,70
83,3,60
83,4,50
83,5,40
83,6,30
83,7,20
83,8,10
84,1,10
84,2,10
84,3,10
84,4,10
84,5,10
84,6,10
84,7,10
84,8,10
85,1,10
85,2,10
85,3,10
85,4,10
85,5,10
85,6,10
85,7,10
85,8,10
86,1,10
86,2,20
86,3,30
86,4,40
86,5,50
86,6,60
86,7,70
86,8,80
87,1,10
87,2,20
87,3,30
87,4,40
87,5,50
87,6,60
87,7,70
87,8,80
88,1,80
88,2,70
88,3,60
88,4,50
88,5,40
88,6,30
88,7,20
88,8,10
89,1,10
89,2,20
89,3,30
89,4,40
89,5,50
89,6,60
89,7,70
89,8,80
90,1,10
90,2,20
90,3,30
90,4,40
90,5,50
90,6,60
90,7,70
90,8,80
91,1,10
91,2,10
91,3,10
91,4,10
91,5,10
91,6,10
91,7,10
91,8,10
92,1,10
92,2,10
92,3,10
92,4,10
92,5,10
92,6,10
92,7,10
92,8,10
93,1,10
93,2,10
93,3,10
93,4,10
93,5,10
93,6,10
93,7,10
93,8,10
94,1,80
94,2,70
94,3,60
94,4,50
94,5,40
94,6,30
94,7,20
94,8,10
95,1,10
95,2,10
95,3,10
95,4,10
95,5,10
95,6,10
95,7,10
95,8,10
96,1,10
96,2,20
96,3,30
96,4,40
96,5,50
96,6,60
96,7,70
96,8,80
97,1,10
97,2,20
97,3,30
97,4,40
97,5,50
97,6,60
97,7,70
97,8,80
98,1,10
98,2,20
98,3,30
98,4,40
98,5,50
98,6,60
98,7,70
98,8,80
99,1,10
99,2,10
99,3,10
99,4,10
99,5,10
99,6,10
99,7,10
99,8,10
100,1,10
100,2,20
100,3,30
100,4,40
100,5,50
100,6,60
100,7,70
100,8,80
101,1,10
101,2,20
101,3,30
101,4,40
101,5,50
101,6,60
101,7,70
101,8,80
102,1,80
102,2,70
102,3,60
102,4,50
102,5,40
102,6,30
102,7,20
102,8,10
103,1,10
103,2,10
103,3,10
103,4,10
103,5,10
103,6,10
103,7,10
103,8,10
104,1,10
104,2,10
104,3,10
104,4,10
104,5,10
104,6,10
104,7,10
104,8,10
105,1,80
105,2,70
105,3,60
105,4,50
105,5,40
105,6,30
105,7,20
105,8,10
106,1,10
106,2,20
106,3,30
106,4,40
106,5,50
106,6,60
106,7,70
106,8,80
107,1,10
107,2,10
107,3,10
107,4,10
107,5,10
107,6,10
107,7,10
107,8,10
108,1,10
108,2,20
108,3,30
108,4,40
108,5,50
108,6,60
108,7,70
108,8,80
109,1,80
109,2,70
109,3,60
109,4,50
109,5,40
109,6,30
109,7,20
109,8,10
110,1,10
110,2,20
110,3,30
110,4,40
110,5,50
110,6,60
110,7,70
110,8,80
111,1,10
111,2,10
111,3,10
111,4,10
111,5,10
111,6,10
111,7,10
111,8,10
112,1,10
112,2,20
112,3,30
112,4,40
112,5,50
112,6,60
112,7,70
112,8,80
113,1,10
113,2,20
113,3,30
113,4,40
113,5,50
113,6,60
113,7,70
113,8,80
114,1,10
114,2,20
114,3,30
114,4,40
114,5,50
114,6,60
114,7,70
114,8,80
115,1,80
115,2,70
115,3,60
115,4,50
115,5,40
115,6,30
115,7,20
115,8,10
116,1,80
116,2,70
116,3,60
116,4,50
116,5,40
116,6,30
116,7,20
116,8,10
117,1,10
117,2,10
117,3,10
117,4,10
117,5,10
117,6,10
117,7,10
117,8,10
118,1,10
118,2,20
118,3,30
118,4,40
118,5,50
118,6,60
118,7,70
118,8,80
119,1,10
119,2,20
119,3,30
119,4,40
119,5,50
119,6,60
119,7,70
119,8,80
120,1,80
120,2,70
120,3,60
120,4,50
120,5,40
120,6,30
120,7,20
120,8,10
121,1,10
121,2,20
121,3,30
121,4,40
121,5,50
121,6,60
121,7,70
121,8,80
122,1,10
122,2,20
122,3,30
122,4,40
122,5,50
122,6,60
122,7,70
122,8,80
123,1,80
123,2,70
123,3,60
123,4,50
123,5,40
123,6,30
123,7,20
123,8,10
124,1,10
124,2,10
124,3,10
124,4,10
124,5,10
124,6,10
124,7,10
124,8,10
125,1,80
125,2,70
125,3,60
125,4,50
125,5,40
125,6,30
125,7,20
125,8,10
126,1,10
126,2,20
126,3,30
126,4,40
126,5,50
126,6,60
126,7,70
126,8,80
127,1,80
127,2,70
127,3,60
127,4,50
127,5,40
127,6,30
127,7,20
127,8,10
128,1,10
128,2,10
128,3,10
128,4,10
128,5,10
128,6,10
128,7,10
128,8,10
129,1,10
129,2,10
129,3,10
129,4,10
129,5,10
129,6,10
129,7,10
129,8,10
130,1,10
130,2,10
130,3,10
130,4,10
130,5,10
130,6,10
130,7,10
130,8,10
131,1,10
131,2,10
131,3,10
131,4,10
131,5,10
131,6,10
131,7,10
131,8,10
132,1,80
132,2,70
132,3,60
132,4,50
132,5,40
132,6,30
132,7,20
132,8,10
133,1,10
133,2,10
133,3,10
133,4,10
133,5,10
133,6,10
133,7,10
133,8,10
134,1,80
134,2,70
134,3,60
134,4,50
134,5,40
134,6,30
134,7,20
134,8,10
135,1,80
135,2,70
135,3,60
135,4,50
135,5,40
135,6,30
135,7,20
135,8,10
136,1,10
136,2,20
136,3,30
136,4,40
136,5,50
136,6,60
136,7,70
136,8,80
137,1,10
137,2,20
137,3,30
137,4,40
137,5,50
137,6,60
137,7,70
137,8,80
138,1,80
138,2,70
138,3,60
138,4,50
138,5,40
138,6,30
138,7,20
138,8,10
139,1,10
139,2,10
139,3,10
139,4,10
139,5,10
139,6,10
139,7,10
139,8,10
140,1,80
140,2,70
140,3,60
140,4,50
140,5,40
140,6,30
140,7,20
140,8,10
141,1,80
141,2,70
141,3,60
141,4,50
141,5,40
141,6,30
141,7,20
141,8,10
142,1,10
142,2,10
142,3,10
142,4,10
142,5,10
142,6,10
142,7,10
142,8,10
143,1,10
143,2,10
143,3,10
143,4,10
143,5,10
143,6,10
143,7,10
143,8,10
144,1,80
144,2,70
144,3,60
144,4,50
144,5,40
144,6,30
144,7,20
144,8,10
145,1,80
145,2,70
145,3,60
145,4,50
145,5,40
145,6,30
145,7,20
145,8,10
146,1,10
146,2,10
146,3,10
146,4,10
146,5,10
146,6,10
146,7,10
146,8,10
147,1,10
147,2,10
147,3,10
147,4,10
147,5,10
147,6,10
147,7,10
147,8,10
148,1,80
148,2,70
148,3,60
148,4,50
148,5,40
148,6,30
148,7,20
148,8,10
149,1,10
149,2,10
149,3,10
149,4,10
149,5,10
149,6,10
149,7,10
149,8,10
150,1,80
150,2,70
150,3,60
150,4,50
150,5,40
150,6,30
150,7,20
150,8,10
151,1,10
151,2,20
151,3,30
151,4,40
151,5,50
151,6,60
151,7,70
151,8,80
152,1,10
152,2,10
152,3,10
152,4,10
152,5,10
152,6,10
152,7,10
152,8,10
153,1,80
153,2,70
153,3,60
153,4,50
153,5,40
153,6,30
153,7,20
153,8,10
154,1,10
154,2,20
154,3,30
154,4,40
154,5,50
154,6,60
154,7,70
154,8,80
155,1,80
155,2,70
155,3,60
155,4,50
155,5,40
155,6,30
155,7,20
155,8,10
156,1,10
156,2,20
156,3,30
156,4,40
156,5,50
156,6,60
156,7,70
156,8,80
157,1,10
157,2,10
157,3,10
157,4,10
157,5,10
157,6,10
157,7,10
157,8,10
158,1,10
158,2,10
158,3,10
158,4,10
158,5,10
158,6,10
158,7,10
158,8,10
159,1,10
159,2,20
159,3,30
159,4,40
159,5,50
159,6,60
159,7,70
159,8,80
160,1,80
160,2,70
160,3,60
160,4,50
160,5,40
160,6,30
160,7,20
160,8,10
161,1,10
161,2,20
161,3,30
161,4,40
161,5,50
161,6,60
161,7,70
161,8,80
162,1,80
162,2,70
162,3,60
162,4,50
162,5,40
162,6,30
162,7,20
162,8,10
163,1,10
163,2,10
163,3,10
163,4,10
163,5,10
163,6,10
163,7,10
163,8,10
164,1,80
164,2,70
164,3,60
164,4,50
164,5,40
164,6,30
164,7,20
164,8,10
165,1,10
165,2,20
165,3,30
165,4,40
165,5,50
165,6,60
165,7,70
165,8,80
166,1,10
166,2,20
166,3,30
166,4,40
166,5,50
166,6,60
166,7,70
166,8,80
167,1,10
167,2,10
167,3,10
167,4,10
167,5,10
167,6,10
167,7,10
167,8,10
168,1,10
168,2,10
168,3,10
168,4,10
168,5,10
168,6,10
168,7,10
168,8,10
169,1,80
169,2,70
169,3,60
169,4,50
169,5,40
169,6,30
169,7,20
169,8,10
170,1,80
170,2,70
170,3,60
170,4,50
170,5,40
170,6,30
170,7,20
170,8,10
171,1,80
171,2,70
171,3,60
171,4,50
171,5,40
171,6,30
171,7,20
171,8,10
172,1,10
172,2,20
172,3,30
172,4,40
172,5,50
172,6,60
172,7,70
172,8,80
173,1,80
173,2,70
173,3,60
173,4,50
173,5,40
173,6,30
173,7,20
173,8,10
174,1,10
174,2,10
174,3,10
174,4,10
174,5,10
174,6,10
174,7,10
174,8,10
175,1,80
175,2,70
175,3,60
175,4,50
175,5,40
175,6,30
175,7,20
175,8,10
176,1,10
176,2,20
176,3,30
176,4,40
176,5,50
176,6,60
176,7,70
176,8,80
177,1,10
177,2,20
177,3,30
177,4,40
177,5,50
177,6,60
177,7,70
177,8,80
178,1,10
178,2,20
178,3,30
178,4,40
178,5,50
178,6,60
178,7,70
178,8,80
179,1,80
179,2,70
179,3,60
179,4,50
179,5,40
179,6,30
179,7,20
179,8,10
180,1,10
180,2,10
180,3,10
180,4,10
180,5,10
180,6,10
180,7,10
180,8,10
181,1,10
181,2,10
181,3,10
181,4,10
181,5,10
181,6,10
181,7,10
181,8,10
182,1,10
182,2,20
182,3,30
182,4,40
182,5,50
182,6,60
182,7,70
182,8,80
183,1,10
183,2,20
183,3,30
183,4,40
183,5,50
183,6,60
183,7,70
183,8,80
184,1,80
184,2,70
184,3,60
184,4,50
184,5,40
184,6,30
184,7,20
184,8,10
185,1,10
185,2,20
185,3,30
185,4,40
185,5,50
185,6,60
185,7,70
185,8,80
186,1,80
186,2,70
186,3,60
186,4,50
186,5,40
186,6,30
186,7,20
186,8,10
187,1,10
187,2,10
187,3,10
187,4,10
187,5,10
187,6,10
187,7,10
187,8,10
188,1,80
188,2,70
188,3,60
188,4,50
188,5,40
188,6,30
188,7,20
188,8,10
189,1,10
189,2,10
189,3,10
189,4,10
189,5,10
189,6,10
189,7,10
189,8,10
190,1,10
190,2,10
190,3,10
190,4,10
190,5,10
190,6,10
190,7,10
190,8,10
191,1,80
191,2,70
191,3,60
191,4,50
191,5,40
191,6,30
191,7,20
191,8,10
192,1,80
192,2,70
192,3,60
192,4,50
192,5,40
192,6,30
192,7,20
192,8,10
193,1,80
193,2,70
193,3,60
193,4,50
193,5,40
193,6,30
193,7,20
193,8,10
194,1,10
194,2,10
194,3,10
194,4,10
194,5,10
194,6,10
194,7,10
194,8,10
195,1,10
195,2,20
195,3,30
195,4,40
195,5,50
195,6,60
195,7,70
195,8,80
196,1,10
196,2,20
196,3,30
196,4,40
196,5,50
196,6,60
196,7,70
196,8,80
197,1,10
197,2,10
197,3,10
197,4,10
197,5,10
197,6,10
197,7,10
197,8,10
198,1,10
198,2,10
198,3,10
198,4,10
198,5,10
198,6,10
198,7,10
198,8,10
199,1,80
199,2,70
199,3,60
199,4,50
199,5,40
199,6,30
199,7,20
199,8,10
200,1,80
200,2,70
200,3,60
200,4,50
200,5,40
200,6,30
200,7,20
200,8,10
201,1,80
201,2,70
201,3,60
201,4,50
201,5,40
201,6,30
201,7,20
201,8,10
202,1,10
202,2,20
202,3,30
202,4,40
202,5,50
202,6,60
202,7,70
202,8,80
203,1,10
203,2,10
203,3,10
203,4,10
203,5,10
203,6,10
203,7,10
203,8,10
204,1,80
204,2,70
204,3,60
204,4,50
204,5,40
204,6,30
204,7,20
204,8,10
205,1,10
205,2,20
205,3,30
205,4,40
205,5,50
205,6,60
205,7,70
205,8,80
206,1,80
206,2,70
206,3,60
206,4,50
206,5,40
206,6,30
206,7,20
206,8,10
207,1,80
207,2,70
207,3,60
207,4,50
207,5,40
207,6,30
207,7,20
207,8,10
208,1,10
208,2,10
208,3,10
208,4,10
208,5,10
208,6,10
208,7,10
208,8,10
209,1,80
209,2,70
209,3,60
209,4,50
209,5,40
209,6,30
209,7,20
209,8,10
210,1,80
210,2,70
210,3,60
210,4,50
210,5,40
210,6,30
210,7,20
210,8,10
211,1,10
211,2,20
211,3,30
211,4,40
211,5,50
211,6,60
211,7,70
211,8,80
212,1,10
212,2,10
212,3,10
212,4,10
212,5,10
212,6,10
212,7,10
212,8,10
213,1,80
213,2,70
213,3,60
213,4,50
213,5,40
213,6,30
213,7,20
213,8,10
214,1,10
214,2,20
214,3,30
214,4,40
214,5,50
214,6,60
214,7,70
214,8,80
215,1,80
215,2,70
215,3,60
215,4,50
215,5,40
215,6,30
215,7,20
215,8,10
216,1,10
216,2,10
216,3,10
216,4,10
216,5,10
216,6,10
216,7,10
216,8,10
217,1,10
217,2,20
217,3,30
217,4,40
217,5,50
217,6,60
217,7,70
217,8,80
218,1,80
218,2,70
218,3,60
218,4,50
218,5,40
218,6,30
218,7,20
218,8,10
219,1,10
219,2,20
219,3,30
219,4,40
219,5,50
219,6,60
219,7,70
219,8,80
220,1,10
220,2,20
220,3,30
220,4,40
220,5,50
220,6,60
220,7,70
220,8,80
221,1,10
221,2,20
221,3,30
221,4,40
221,5,50
221,6,60
221,7,70
221,8,80
222,1,10
222,2,20
222,3,30
222,4,40
222,5,50
222,6,60
222,7,70
222,8,80
223,1,10
223,2,10
223,3,10
223,4,10
223,5,10
223,6,10
223,7,10
223,8,10
224,1,10
224,2,20
224,3,30
224,4,40
224,5,50
224,6,60
224,7,70
224,8,80
225,1,10
225,2,10
225,3,10
225,4,10
225,5,10
225,6,10
225,7,10
225,8,10
226,1,80
226,2,70
226,3,60
226,4,50
226,5,40
226,6,30
226,7,20
226,8,10
227,1,10
227,2,20
227,3,30
227,4,40
227,5,50
227,6,60
227,7,70
227,8,80
228,1,10
228,2,10
228,3,10
228,4,10
228,5,10
228,6,10
228,7,10
228,8,10
229,1,10
229,2,20
229,3,30
229,4,40
229,5,50
229,6,60
229,7,70
229,8,80
230,1,80
230,2,70
230,3,60
230,4,50
230,5,40
230,6,30
230,7,20
230,8,10
231,1,80
231,2,70
231,3,60
231,4,50
231,5,40
231,6,30
231,7,20
231,8,10
232,1,10
232,2,20
232,3,30
232,4,40
232,5,50
232,6,60
232,7,70
232,8,80
233,1,10
233,2,10
233,3,10
233,4,10
233,5,10
233,6,10
233,7,10
233,8,10
234,1,10
234,2,10
234,3,10
234,4,10
234,5,10
234,6,10
234,7,10
234,8,10
235,1,10
235,2,10
235,3,10
235,4,10
235,5,10
235,6,10
235,7,10
235,8,10
236,1,10
236,2,10
236,3,10
236,4,10
236,5,10
236,6,10
236,7,10
236,8,10
237,1,80
237,2,70
237,3,60
237,4,50
237,5,40
237,6,30
237,7,20
237,8,10
238,1,80
238,2,70
238,3,60
238,4,50
238,5,40
238,6,30
238,7,20
238,8,10
239,1,80
239,2,70
239,3,60
239,4,50
239,5,40
239,6,30
239,7,20
239,8,10
240,1,80
240,2,70
240,3,60
240,4,50
240,5,40
240,6,30
240,7,20
240,8,10
241,1,80
241,2,70
241,3,60
241,4,50
241,5,40
241,6,30
241,7,20
241,8,10
242,1,80
242,2,70
242,3,60
242,4,50
242,5,40
242,6,30
242,7,20
242,8,10
243,1,10
243,2,10
243,3,10
243,4,10
243,5,10
243,6,10
243,7,10
243,8,10
244,1,10
244,2,10
244,3,10
244,4,10
244,5,10
244,6,10
244,7,10
244,8,10
245,1,80
245,2,70
245,3,60
245,4,50
245,5,40
245,6,30
245,7,20
245,8,10
246,1,10
246,2,10
246,3,10
246,4,10
246,5,10
246,6,10
246,7,10
246,8,10
247,1,80
247,2,70
247,3,60
247,4,50
247,5,40
247,6,30
247,7,20
247,8,10
248,1,10
248,2,20
248,3,30
248,4,40
248,5,50
248,6,60
248,7,70
248,8,80
249,1,10
249,2,10
249,3,10
249,4,10
249,5,10
249,6,10
249,7,10
249,8,10
250,1,10
250,2,10
250,3,10
250,4,10
250,5,10
250,6,10
250,7,10
250,8,10
251,1,10
251,2,20
251,3,30
251,4,40
251,5,50
251,6,60
251,7,70
251,8,80
252,1,80
252,2,70
252,3,60
252,4,50
252,5,40
252,6,30
252,7,20
252,8,10
253,1,10
253,2,10
253,3,10
253,4,10
253,5,10
253,6,10
253,7,10
253,8,10
254,1,80
254,2,70
254,3,60
254,4,50
254,5,40
254,6,30
254,7,20
254,8,10
255,1,80
255,2,70
255,3,60
255,4,50
255,5,40
255,6,30
255,7,20
255,8,10
256,1,10
256,2,10
256,3,10
256,4,10
256,5,10
256,6,10
256,7,10
256,8,10
257,1,10
257,2,10
257,3,10
257,4,10
257,5,10
257,6,10
257,7,10
257,8,10
258,1,10
258,2,10
258,3,10
258,4,10
258,5,10
258,6,10
258,7,10
258,8,10
259,1,10
259,2,10
259,3,10
259,4,10
259,5,10
259,6,10
259,7,10
259,8,10
260,1,10
260,2,20
260,3,30
260,4,40
260,5,50
260,6,60
260,7,70
260,8,80
261,1,80
261,2,70
261,3,60
261,4,50
261,5,40
261,6,30
261,7,20
261,8,10
262,1,10
262,2,20
262,3,30
262,4,40
262,5,50
262,6,60
262,7,70
262,8,80
263,1,10
263,2,10
263,3,10
263,4,10
263,5,10
263,6,10
263,7,10
263,8,10
264,1,10
264,2,10
264,3,10
264,4,10
264,5,10
264,6,10
264,7,10
264,8,10
265,1,10
265,2,20
265,3,30
265,4,40
265,5,50
265,6,60
265,7,70
265,8,80
266,1,80
266,2,70
266,3,60
266,4,50
266,5,40
266,6,30
266,7,20
266,8,10
267,1,10
267,2,20
267,3,30
267,4,40
267,5,50
267,6,60
267,7,70
267,8,80
268,1,10
268,2,20
268,3,30
268,4,40
268,5,50
268,6,60
268,7,70
268,8,80
269,1,10
269,2,20
269,3,30
269,4,40
269,5,50
269,6,60
269,7,70
269,8,80
270,1,10
270,2,20
270,3,30
270,4,40
270,5,50
270,6,60
270,7,70
270,8,80
271,1,10
271,2,10
271,3,10
271,4,10
271,5,10
271,6,10
271,7,10
271,8,10
272,1,80
272,2,70
272,3,60
272,4,50
272,5,40
272,6,30
272,7,20
272,8,10
273,1,80
273,2,70
273,3,60
273,4,50
273,5,40
273,6,30
273,7,20
273,8,10
274,1,10
274,2,10
274,3,10
274,4,10
274,5,10
274,6,10
274,7,10
274,8,10
275,1,10
275,2,10
275,3,10
275,4,10
275,5,10
275,6,10
275,7,10
275,8,10
276,1,10
276,2,10
276,3,10
276,4,10
276,5,10
276,6,10
276,7,10
276,8,10
277,1,10
277,2,10
277,3,10
277,4,10
277,5,10
277,6,10
277,7,10
277,8,10
278,1,80
278,2,70
278,3,60
278,4,50
278,5,40
278,6,30
278,7,20
278,8,10
279,1,10
279,2,20
279,3,30
279,4,40
279,5,50
279,6,60
279,7,70
279,8,80
280,1,10
280,2,20
280,3,30
280,4,40
280,5,50
280,6,60
280,7,70
280,8,80
281,1,10
281,2,10
281,3,10
281,4,10
281,5,10
281,6,10
281,7,10
281,8,10
282,1,10
282,2,20
282,3,30
282,4,40
282,5,50
282,6,60
282,7,70
282,8,80
283,1,80
283,2,70
283,3,60
283,4,50
283,5,40
283,6,30
283,7,20
283,8,10
284,1,10
284,2,20
284,3,30
284,4,40
284,5,50
284,6,60
284,7,70
284,8,80
285,1,10
285,2,10
285,3,10
285,4,10
285,5,10
285,6,10
285,7,10
285,8,10
286,1,10
286,2,10
286,3,10
286,4,10
286,5,10
286,6,10
286,7,10
286,8,10
287,1,80
287,2,70
287,3,60
287,4,50
287,5,40
287,6,30
287,7,20
287,8,10
288,1,10
288,2,20
288,3,30
288,4,40
288,5,50
288,6,60
288,7,70
288,8,80
289,1,80
289,2,70
289,3,60
289,4,50
289,5,40
289,6,30
289,7,20
289,8,10
290,1,10
290,2,10
290,3,10
290,4,10
290,5,10
290,6,10
290,7,10
290,8,10
291,1,10
291,2,10
291,3,10
291,4,10
291,5,10
291,6,10
291,7,10
291,8,10
292,1,80
292,2,70
292,3,60
292,4,50
292,5,40
292,6,30
292,7,20
292,8,10
293,1,10
293,2,20
293,3,30
293,4,40
293,5,50
293,6,60
293,7,70
293,8,80
294,1,10
294,2,20
294,3,30
294,4,40
294,5,50
294,6,60
294,7,70
294,8,80
295,1,80
295,2,70
295,3,60
295,4,50
295,5,40
295,6,30
295,7,20
295,8,10
296,1,10
296,2,20
296,3,30
296,4,40
296,5,50
296,6,60
296,7,70
296,8,80
297,1,80
297,2,70
297,3,60
297,4,50
297,5,40
297,6,30
297,7,20
297,8,10
298,1,10
298,2,20
298,3,30
298,4,40
298,5,50
298,6,60
298,7,70
298,8,80
299,1,10
299,2,20
299,3,30
299,4,40
299,5,50
299,6,60
299,7,70
299,8,80
300,1,10
300,2,20
300,3,30
300,4,40
300,5,50
300,6,60
300,7,70
300,8,80
301,1,80
301,2,70
301,3,60
301,4,50
301,5,40
301,6,30
301,7,20
301,8,10
302,1,10
302,2,10
302,3,10
302,4,10
302,5,10
302,6,10
302,7,10
302,8,10
303,1,10
303,2,20
303,3,30
303,4,40
303,5,50
303,6,60
303,7,70
303,8,80
304,1,10
304,2,10
304,3,10
304,4,10
304,5,10
304,6,10
304,7,10
304,8,10
305,1,10
305,2,20
305,3,30
305,4,40
305,5,50
305,6,60
305,7,70
305,8,80
306,1,10
306,2,10
306,3,10
306,4,10
306,5,10
306,6,10
306,7,10
306,8,10
307,1,10
307,2,20
307,3,30
307,4,40
307,5,50
307,6,60
307,7,70
307,8,80
308,1,10
308,2,20
308,3,30
308,4,40
308,5,50
308,6,60
308,7,70
308,8,80
309,1,10
309,2,20
309,3,30
309,4,40
309,5,50
309,6,60
309,7,70
309,8,80
310,1,10
310,2,20
310,3,30
310,4,40
310,5,50
310,6,60
310,7,70
310,8,80
311,1,10
311,2,20
311,3,30
311,4,40
311,5,50
311,6,60
311,7,70
311,8,80
312,1,10
312,2,10
312,3,10
312,4,10
312,5,10
312,6,10
312,7,10
312,8,10
313,1,80
313,2,70
313,3,60
313,4,50
313,5,40
313,6,30
313,7,20
313,8,10
314,1,80
314,2,70
314,3,60
314,4,50
314,5,40
314,6,30
314,7,20
314,8,10
315,1,10
315,2,20
315,3,30
315,4,40
315,5,50
315,6,60
315,7,70
315,8,80
316,1,10
316,2,10
316,3,10
316,4,10
316,5,10
316,6,10
316,7,10
316,8,10
317,1,10
317,2,20
317,3,30
317,4,40
317,5,50
317,6,60
317,7,70
317,8,80
318,1,10
318,2,20
318,3,30
318,4,40
318,5,50
318,6,60
318,7,70
318,8,80
319,1,10
319,2,20
319,3,30
319,4,40
319,5,50
319,6,60
319,7,70
319,8,80
320,1,80
320,2,70
320,3,60
320,4,50
320,5,40
320,6,30
320,7,20
320,8,10
321,1,10
321,2,20
321,3,30
321,4,40
321,5,50
321,6,60
321,7,70
321,8,80
322,1,10
322,2,10
322,3,10
322,4,10
322,5,10
322,6,10
322,7,10
322,8,10
323,1,80
323,2,70
323,3,60
323,4,50
323,5,40
323,6,30
323,7,20
323,8,10
324,1,10
324,2,10
324,3,10
324,4,10
324,5,10
324,6,10
324,7,10
324,8,10
325,1,10
325,2,10
325,3,10
325,4,10
325,5,10
325,6,10
325,7,10
325,8,10
326,1,10
326,2,20
326,3,30
326,4,40
326,5,50
326,6,60
326,7,70
326,8,80
327,1,10
327,2,10
327,3,10
327,4,10
327,5,10
327,6,10
327,7,10
327,8,10
328,1,10
328,2,10
328,3,10
328,4,10
328,5,10
328,6,10
328,7,10
328,8,10
329,1,10
329,2,20
329,3,30
329,4,40
329,5,50
329,6,60
329,7,70
329,8,80
330,1,10
330,2,10
330,3,10
330,4,10
330,5,10
330,6,10
330,7,10
330,8,10
331,1,10
331,2,20
331,3,30
331,4,40
331,5,50
331,6,60
331,7,70
331,8,80
332,1,10
332,2,10
332,3,10
332,4,10
332,5,10
332,6,10
332,7,10
332,8,10
333,1,10
333,2,10
333,3,10
333,4,10
333,5,10
333,6,10
333,7,10
333,8,10
334,1,10
334,2,20
334,3,30
334,4,40
334,5,50
334,6,60
334,7,70
334,8,80
335,1,10
335,2,20
335,3,30
335,4,40
335,5,50
335,6,60
335,7,70
335,8,80
336,1,10
336,2,10
336,3,10
336,4,10
336,5,10
336,6,10
336,7,10
336,8,10
337,1,10
337,2,20
337,3,30
337,4,40
337,5,50
337,6,60
337,7,70
337,8,80
338,1,10
338,2,20
338,3,30
338,4,40
338,5,50
338,6,60
338,7,70
338,8,80
339,1,10
339,2,20
339,3,30
339,4,40
339,5,50
339,6,60
339,7,70
339,8,80
340,1,80
340,2,70
340,3,60
340,4,50
340,5,40
340,6,30
340,7,20
340,8,10
341,1,80
341,2,70
341,3,60
341,4,50
341,5,40
341,6,30
341,7,20
341,8,10
342,1,80
342,2,70
342,3,60
342,4,50
342,5,40
342,6,30
342,7,20
342,8,10
343,1,10
343,2,10
343,3,10
343,4,10
343,5,10
343,6,10
343,7,10
343,8,10
344,1,10
344,2,20
344,3,30
344,4,40
344,5,50
344,6,60
344,7,70
344,8,80
345,1,10
345,2,10
345,3,10
345,4,10
345,5,10
345,6,10
345,7,10
345,8,10
346,1,10
346,2,20
346,3,30
346,4,40
346,5,50
346,6,60
346,7,70
346,8,80
347,1,10
347,2,20
347,3,30
347,4,40
347,5,50
347,6,60
347,7,70
347,8,80
348,1,10
348,2,20
348,3,30
348,4,40
348,5,50
348,6,60
348,7,70
348,8,80
349,1,80
349,2,70
349,3,60
349,4,50
349,5,40
349,6,30
349,7,20
349,8,10
350,1,80
350,2,70
350,3,60
350,4,50
350,5,40
350,6,30
350,7,20
350,8,10
351,1,10
351,2,20
351,3,30
351,4,40
351,5,50
351,6,60
351,7,70
351,8,80
352,1,10
352,2,20
352,3,30
352,4,40
352,5,50
352,6,60
352,7,70
352,8,80
353,1,80
353,2,70
353,3,60
353,4,50
353,5,40
353,6,30
353,7,20
353,8,10
354,1,10
354,2,10
354,3,10
354,4,10
354,5,10
354,6,10
354,7,10
354,8,10
355,1,10
355,2,10
355,3,10
355,4,10
355,5,10
355,6,10
355,7,10
355,8,10
356,1,10
356,2,10
356,3,10
356,4,10
356,5,10
356,6,10
356,7,10
356,8,10
357,1,10
357,2,20
357,3,30
357,4,40
357,5,50
357,6,60
357,7,70
357,8,80
358,1,10
358,2,20
358,3,30
358,4,40
358,5,50
358,6,60
358,7,70
358,8,80
359,1,10
359,2,20
359,3,30
359,4,40
359,5,50
359,6,60
359,7,70
359,8,80
360,1,10
360,2,20
360,3,30
360,4,40
360,5,50
360,6,60
360,7,70
360,8,80
361,1,10
361,2,10
361,3,10
361,4,10
361,5,10
361,6,10
361,7,10
361,8,10
362,1,10
362,2,20
362,3,30
362,4,40
362,5,50
362,6,60
362,7,70
362,8,80
363,1,10
363,2,10
363,3,10
363,4,10
363,5,10
363,6,10
363,7,10
363,8,10
364,1,80
364,2,70
364,3,60
364,4,50
364,5,40
364,6,30
364,7,20
364,8,10
365,1,10
365,2,20
365,3,30
365,4,40
365,5,50
365,6,60
365,7,70
365,8,80
366,1,80
366,2,70
366,3,60
366,4,50
366,5,40
366,6,30
366,7,20
366,8,10
367,1,10
367,2,20
367,3,30
367,4,40
367,5,50
367,6,60
367,7,70
367,8,80
368,1,10
368,2,10
368,3,10
368,4,10
368,5,10
368,6,10
368,7,10
368,8,10
369,1,10
369,2,20
369,3,30
369,4,40
369,5,50
369,6,60
369,7,70
369,8,80
370,1,10
370,2,20
370,3,30
370,4,40
370,5,50
370,6,60
370,7,70
370,8,80
371,1,80
371,2,70
371,3,60
371,4,50
371,5,40
371,6,30
371,7,20
371,8,10
372,1,10
372,2,20
372,3,30
372,4,40
372,5,50
372,6,60
372,7,70
372,8,80
373,1,80
373,2,70
373,3,60
373,4,50
373,5,40
373,6,30
373,7,20
373,8,10
374,1,80
374,2,70
374,3,60
374,4,50
374,5,40
374,6,30
374,7,20
374,8,10
375,1,10
375,2,10
375,3,10
375,4,10
375,5,10
375,6,10
375,7,10
375,8,10
376,1,80
376,2,70
376,3,60
376,4,50
376,5,40
376,6,30
376,7,20
376,8,10
377,1,80
377,2,70
377,3,60
377,4,50
377,5,40
377,6,30
377,7,20
377,8,10
378,1,80
378,2,70
378,3,60
378,4,50
378,5,40
378,6,30
378,7,20
378,8,10
379,1,80
379,2,70
379,3,60
379,4,50
379,5,40
379,6,30
379,7,20
379,8,10
380,1,80
380,2,70
380,3,60
380,4,50
380,5,40
380,6,30
380,7,20
380,8,10
381,1,10
381,2,20
381,3,30
381,4,40
381,5,50
381,6,60
381,7,70
381,8,80
382,1,10
382,2,20
382,3,30
382,4,40
382,5,50
382,6,60
382,7,70
382,8,80
383,1,10
383,2,10
383,3,10
383,4,10
383,5,10
383,6,10
383,7,10
383,8,10
384,1,80
384,2,70
384,3,60
384,4,50
384,5,40
384,6,30
384,7,20
384,8,10
385,1,80
385,2,70
385,3,60
385,4,50
385,5,40
385,6,30
385,7,20
385,8,10
386,1,80
386,2,70
386,3,60
386,4,50
386,5,40
386,6,30
386,7,20
386,8,10
387,1,10
387,2,20
387,3,30
387,4,40
387,5,50
387,6,60
387,7,70
387,8,80
388,1,80
388,2,70
388,3,60
388,4,50
388,5,40
388,6,30
388,7,20
388,8,10
389,1,80
389,2,70
389,3,60
389,4,50
389,5,40
389,6,30
389,7,20
389,8,10
390,1,80
390,2,70
390,3,60
390,4,50
390,5,40
390,6,30
390,7,20
390,8,10
391,1,10
391,2,10
391,3,10
391,4,10
391,5,10
391,6,10
391,7,10
391,8,10
392,1,80
392,2,70
392,3,60
392,4,50
392,5,40
392,6,30
392,7,20
392,8,10
393,1,10
393,2,20
393,3,30
393,4,40
393,5,50
393,6,60
393,7,70
393,8,80
394,1,10
394,2,10
394,3,10
394,4,10
394,5,10
394,6,10
394,7,10
394,8,10
395,1,10
395,2,20
395,3,30
395,4,40
395,5,50
395,6,60
395,7,70
395,8,80
396,1,80
396,2,70
396,3,60
396,4,50
396,5,40
396,6,30
396,7,20
396,8,10
397,1,10
397,2,20
397,3,30
397,4,40
397,5,50
397,6,60
397,7,70
397,8,80
398,1,10
398,2,20
398,3,30
398,4,40
398,5,50
398,6,60
398,7,70
398,8,80
399,1,10
399,2,20
399,3,30
399,4,40
399,5,50
399,6,60
399,7,70
399,8,80
400,1,10
400,2,10
400,3,10
400,4,10
400,5,10
400,6,10
400,7,10
400,8,10
401,1,10
401,2,10
401,3,10
401,4,10
401,5,10
401,6,10
401,7,10
401,8,10
402,1,10
402,2,20
402,3,30
402,4,40
402,5,50
402,6,60
402,7,70
402,8,80
403,1,10
403,2,20
403,3,30
403,4,40
403,5,50
403,6,60
403,7,70
403,8,80
404,1,80
404,2,70
404,3,60
404,4,50
404,5,40
404,6,30
404,7,20
404,8,10
405,1,80
405,2,70
405,3,60
405,4,50
405,5,40
405,6,30
405,7,20
405,8,10
406,1,10
406,2,20
406,3,30
406,4,40
406,5,50
406,6,60
406,7,70
406,8,80
407,1,10
407,2,20
407,3,30
407,4,40
407,5,50
407,6,60
407,7,70
407,8,80
408,1,10
408,2,20
408,3,30
408,4,40
408,5,50
408,6,60
408,7,70
408,8,80
409,1,80
409,2,70
409,3,60
409,4,50
409,5,40
409,6,30
409,7,20
409,8,10
410,1,10
410,2,20
410,3,30
410,4,40
410,5,50
410,6,60
410,7,70
410,8,80
411,1,10
411,2,20
411,3,30
411,4,40
411,5,50
411,6,60
411,7,70
411,8,80
412,1,10
412,2,10
412,3,10
412,4,10
412,5,10
412,6,10
412,7,10
412,8,10
413,1,80
413,2,70
413,3,60
413,4,50
413,5,40
413,6,30
413,7,20
413,8,10
414,1,80
414,2,70
414,3,60
414,4,50
414,5,40
414,6,30
414,7,20
414,8,10
415,1,10
415,2,10
415,3,10
415,4,10
415,5,10
415,6,10
415,7,10
415,8,10
416,1,80
416,2,70
416,3,60
416,4,50
416,5,40
416,6,30
416,7,20
416,8,10
417,1,10
417,2,20
417,3,30
417,4,40
417,5,50
417,6,60
417,7,70
417,8,80
418,1,10
418,2,10
418,3,10
418,4,10
418,5,10
418,6,10
418,7,10
418,8,10
419,1,10
419,2,20
419,3,30
419,4,40
419,5,50
419,6,60
419,7,70
419,8,80
420,1,10
420,2,20
420,3,30
420,4,40
420,5,50
420,6,60
420,7,70
420,8,80
421,1,10
421,2,10
421,3,10
421,4,10
421,5,10
421,6,10
421,7,10
421,8,10
422,1,80
422,2,70
422,3,60
422,4,50
422,5,40
422,6,30
422,7,20
422,8,10
423,1,80
423,2,70
423,3,60
423,4,50
423,5,40
423,6,30
423,7,20
423,8,10
424,1,10
424,2,10
424,3,10
424,4,10
424,5,10
424,6,10
424,7,10
424,8,10
425,1,80
425,2,70
425,3,60
425,4,50
425,5,40
425,6,30
425,7,20
425,8,10
426,1,80
426,2,70
426,3,60
426,4,50
426,5,40
426,6,30
426,7,20
426,8,10
427,1,10
427,2,20
427,3,30
427,4,40
427,5,50
427,6,60
427,7,70
427,8,80
428,1,10
428,2,10
428,3,10
428,4,10
428,5,10
428,6,10
428,7,10
428,8,10
429,1,80
429,2,70
429,3,60
429,4,50
429,5,40
429,6,30
429,7,20
429,8,10
430,1,10
430,2,20
430,3,30
430,4,40
430,5,50
430,6,60
430,7,70
430,8,80
431,1,10
431,2,10
431,3,10
431,4,10
431,5,10
431,6,10
431,7,10
431,8,10
432,1,10
432,2,20
432,3,30
432,4,40
432,5,50
432,6,60
432,7,70
432,8,80
433,1,10
433,2,10
433,3,10
433,4,10
433,5,10
433,6,10
433,7,10
433,8,10
434,1,10
434,2,20
434,3,30
434,4,40
434,5,50
434,6,60
434,7,70
434,8,80
435,1,10
435,2,20
435,3,30
435,4,40
435,5,50
435,6,60
435,7,70
435,8,80
436,1,10
436,2,20
436,3,30
436,4,40
436,5,50
436,6,60
436,7,70
436,8,80
437,1,80
437,2,70
437,3,60
437,4,50
437,5,40
437,6,30
437,7,20
437,8,10
438,1,10
438,2,20
438,3,30
438,4,40
438,5,50
438,6,60
438,7,70
438,8,80
439,1,80
439,2,70
439,3,60
439,4,50
439,5,40
439,6,30
439,7,20
439,8,10
440,1,10
440,2,10
440,3,10
440,4,10
440,5,10
440,6,10
440,7,10
440,8,10
441,1,80
441,2,70
441,3,60
441,4,50
441,5,40
441,6,30
441,7,20
441,8,10
442,1,80
442,2,70
442,3,60
442,4,50
442,5,40
442,6,30
442,7,20
442,8,10
443,1,10
443,2,20
443,3,30
443,4,40
443,5,50
443,6,60
443,7,70
443,8,80
444,1,80
444,2,70
444,3,60
444,4,50
444,5,40
444,6,30
444,7,20
444,8,10
445,1,10
445,2,10
445,3,10
445,4,10
445,5,10
445,6,10
445,7,10
445,8,10
446,1,10
446,2,20
446,3,30
446,4,40
446,5,50
446,6,60
446,7,70
446,8,80
447,1,10
447,2,20
447,3,30
447,4,40
447,5,50
447,6,60
447,7,70
447,8,80
448,1,10
448,2,20
448,3,30
448,4,40
448,5,50
448,6,60
448,7,70
448,8,80
449,1,80
449,2,70
449,3,60
449,4,50
449,5,40
449,6,30
449,7,20
449,8,10
450,1,10
450,2,10
450,3,10
450,4,10
450,5,10
450,6,10
450,7,10
450,8,10
451,1,80
451,2,70
451,3,60
451,4,50
451,5,40
451,6,30
451,7,20
451,8,10
452,1,10
452,2,20
452,3,30
452,4,40
452,5,50
452,6,60
452,7,70
452,8,80
453,1,10
453,2,20
453,3,30
453,4,40
453,5,50
453,6,60
453,7,70
453,8,80
454,1,10
454,2,10
454,3,10
454,4,10
454,5,10
454,6,10
454,7,10
454,8,10
455,1,10
455,2,20
455,3,30
455,4,40
455,5,50
455,6,60
455,7,70
455,8,80
456,1,10
456,2,20
456,3,30
456,4,40
456,5,50
456,6,60
456,7,70
456,8,80
457,1,10
457,2,20
457,3,30
457,4,40
457,5,50
457,6,60
457,7,70
457,8,80
458,1,10
458,2,20
458,3,30
458,4,40
458,5,50
458,6,60
458,7,70
458,8,80
459,1,10
459,2,10
459,3,10
459,4,10
459,5,10
459,6,10
459,7,10
459,8,10
460,1,10
460,2,20
460,3,30
460,4,40
460,5,50
460,6,60
460,7,70
460,8,80
461,1,10
461,2,10
461,3,10
461,4,10
461,5,10
461,6,10
461,7,10
461,8,10
462,1,80
462,2,70
462,3,60
462,4,50
462,5,40
462,6,30
462,7,20
462,8,10
463,1,80
463,2,70
463,3,60
463,4,50
463,5,40
463,6,30
463,7,20
463,8,10
464,1,10
464,2,20
464,3,30
464,4,40
464,5,50
464,6,60
464,7,70
464,8,80
465,1,10
465,2,20
465,3,30
465,4,40
465,5,50
465,6,60
465,7,70
465,8,80
466,1,10
466,2,20
466,3,30
466,4,40
466,5,50
466,6,60
466,7,70
466,8,80
467,1,10
467,2,20
467,3,30
467,4,40
467,5,50
467,6,60
467,7,70
467,8,80
468,1,10
468,2,20
468,3,30
468,4,40
468,5,50
468,6,60
468,7,70
468,8,80
469,1,10
469,2,20
469,3,30
469,4,40
469,5,50
469,6,60
469,7,70
469,8,80
470,1,10
470,2,10
470,3,10
470,4,10
470,5,10
470,6,10
470,7,10
470,8,10
471,1,10
471,2,20
471,3,30
471,4,40
471,5,50
471,6,60
471,7,70
471,8,80
472,1,10
472,2,20
472,3,30
472,4,40
472,5,50
472,6,60
472,7,70
472,8,80
473,1,10
473,2,20
473,3,30
473,4,40
473,5,50
473,6,60
473,7,70
473,8,80
474,1,10
474,2,20
474,3,30
474,4,40
474,5,50
474,6,60
474,7,70
474,8,80
475,1,10
475,2,10
475,3,10
475,4,10
475,5,10
475,6,10
475,7,10
475,8,10
476,1,80
476,2,70
476,3,60
476,4,50
476,5,40
476,6,30
476,7,20
476,8,10
477,1,80
477,2,70
477,3,60
477,4,50
477,5,40
477,6,30
477,7,20
477,8,10
478,1,80
478,2,70
478,3,60
478,4,50
478,5,40
478,6,30
478,7,20
478,8,10
479,1,80
479,2,70
479,3,60
479,4,50
479,5,40
479,6,30
479,7,20
479,8,10
480,1,10
480,2,20
480,3,30
480,4,40
480,5,50
480,6,60
480,7,70
480,8,80
481,1,80
481,2,70
481,3,60
481,4,50
481,5,40
481,6,30
481,7,20
481,8,10
482,1,10
482,2,20
482,3,30
482,4,40
482,5,50
482,6,60
482,7,70
482,8,80
483,1,80
483,2,70
483,3,60
483,4,50
483,5,40
483,6,30
483,7,20
483,8,10
484,1,10
484,2,20
484,3,30
484,4,40
484,5,50
484,6,60
484,7,70
484,8,80
485,1,80
485,2,70
485,3,60
485,4,50
485,5,40
485,6,30
485,7,20
485,8,10
486,1,80
486,2,70
486,3,60
486,4,50
486,5,40
486,6,30
486,7,20
486,8,10
487,1,10
487,2,20
487,3,30
487,4,40
487,5,50
487,6,60
487,7,70
487,8,80
488,1,80
488,2,70
488,3,60
488,4,50
488,5,40
488,6,30
488,7,20
488,8,10
489,1,80
489,2,70
489,3,60
489,4,50
489,5,40
489,6,30
489,7,20
489,8,10
490,1,80
490,2,70
490,3,60
490,4,50
490,5,40
490,6,30
490,7,20
490,8,10
491,1,10
491,2,20
491,3,30
491,4,40
491,5,50
491,6,60
491,7,70
491,8,80
492,1,10
492,2,10
492,3,10
492,4,10
492,5,10
492,6,10
492,7,10
492,8,10
493,1,10
493,2,20
493,3,30
493,4,40
493,5,50
493,6,60
493,7,70
493,8,80
494,1,80
494,2,70
494,3,60
494,4,50
494,5,40
494,6,30
494,7,20
494,8,10
495,1,10
495,2,10
495,3,10
495,4,10
495,5,10
495,6,10
495,7,10
495,8,10
496,1,10
496,2,10
496,3,10
496,4,10
496,5,10
496,6,10
496,7,10
496,8,10
497,1,80
497,2,70
497,3,60
497,4,50
497,5,40
497,6,30
497,7,20
497,8,10
498,1,10
498,2,10
498,3,10
498,4,10
498,5,10
498,6,10
498,7,10
498,8,10
499,1,10
499,2,20
499,3,30
499,4,40
499,5,50
499,6,60
499,7,70
499,8,80
500,1,10
500,2,20
500,3,30
500,4,40
500,5,50
500,6,60
500,7,70
500,8,80
501,1,80
501,2,70
501,3,60
501,4,50
501,5,40
501,6,30
501,7,20
501,8,10
502,1,10
502,2,20
502,3,30
502,4,40
502,5,50
502,6,60
502,7,70
502,8,80
503,1,80
503,2,70
503,3,60
503,4,50
503,5,40
503,6,30
503,7,20
503,8,10
504,1,80
504,2,70
504,3,60
504,4,50
504,5,40
504,6,30
504,7,20
504,8,10
505,1,10
505,2,10
505,3,10
505,4,10
505,5,10
505,6,10
505,7,10
505,8,10
506,1,10
506,2,20
506,3,30
506,4,40
506,5,50
506,6,60
506,7,70
506,8,80
507,1,10
507,2,10
507,3,10
507,4,10
507,5,10
507,6,10
507,7,10
507,8,10
508,1,10
508,2,20
508,3,30
508,4,40
508,5,50
508,6,60
508,7,70
508,8,80
509,1,10
509,2,20
509,3,30
509,4,40
509,5,50
509,6,60
509,7,70
509,8,80
510,1,10
510,2,10
510,3,10
510,4,10
510,5,10
510,6,10
510,7,10
510,8,10
511,1,80
511,2,70
511,3,60
511,4,50
511,5,40
511,6,30
511,7,20
511,8,10
512,1,10
512,2,20
512,3,30
512,4,40
512,5,50
512,6,60
512,7,70
512,8,80
513,1,10
513,2,10
513,3,10
513,4,10
513,5,10
513,6,10
513,7,10
513,8,10
514,1,10
514,2,10
514,3,10
514,4,10
514,5,10
514,6,10
514,7,10
514,8,10
515,1,80
515,2,70
515,3,60
515,4,50
515,5,40
515,6,30
515,7,20
515,8,10
516,1,10
516,2,20
516,3,30
516,4,40
516,5,50
516,6,60
516,7,70
516,8,80
517,1,80
517,2,70
517,3,60
517,4,50
517,5,40
517,6,30
517,7,20
517,8,10
518,1,10
518,2,20
518,3,30
518,4,40
518,5,50
518,6,60
518,7,70
518,8,80
519,1,80
519,2,70
519,3,60
519,4,50
519,5,40
519,6,30
519,7,20
519,8,10
520,1,80
520,2,70
520,3,60
520,4,50
520,5,40
520,6,30
520,7,20
520,8,10
521,1,80
521,2,70
521,3,60
521,4,50
521,5,40
521,6,30
521,7,20
521,8,10
522,1,10
522,2,20
522,3,30
522,4,40
522,5,50
522,6,60
522,7,70
522,8,80
523,1,10
523,2,10
523,3,10
523,4,10
523,5,10
523,6,10
523,7,10
523,8,10
524,1,10
524,2,10
524,3,10
524,4,10
524,5,10
524,6,10
524,7,10
524,8,10
525,1,80
525,2,70
525,3,60
525,4,50
525,5,40
525,6,30
525,7,20
525,8,10
526,1,10
526,2,10
526,3,10
526,4,10
526,5,10
526,6,10
526,7,10
526,8,10
527,1,10
527,2,20
527,3,30
527,4,40
527,5,50
527,6,60
527,7,70
527,8,80
528,1,10
528,2,20
528,3,30
528,4,40
528,5,50
528,6,60
528,7,70
528,8,80
529,1,80
529,2,70
529,3,60
529,4,50
529,5,40
529,6,30
529,7,20
529,8,10
530,1,80
530,2,70
530,3,60
530,4,50
530,5,40
530,6,30
530,7,20
530,8,10
531,1,80
531,2,70
531,3,60
531,4,50
531,5,40
531,6,30
531,7,20
531,8,10
532,1,10
532,2,10
532,3,10
532,4,10
532,5,10
532,6,10
532,7,10
532,8,10
533,1,80
533,2,70
533,3,60
533,4,50
533,5,40
533,6,30
533,7,20
533,8,10
534,1,80
534,2,70
534,3,60
534,4,50
534,5,40
534,6,30
534,7,20
534,8,10
535,1,10
535,2,10
535,3,10
535,4,10
535,5,10
535,6,10
535,7,10
535,8,10
536,1,80
536,2,70
536,3,60
536,4,50
536,5,40
536,6,30
536,7,20
536,8,10
537,1,10
537,2,10
537,3,10
537,4,10
537,5,10
537,6,10
537,7,10
537,8,10
538,1,10
538,2,10
538,3,10
538,4,10
538,5,10
538,6,10
538,7,10
538,8,10
539,1,10
539,2,20
539,3,30
539,4,40
539,5,50
539,6,60
539,7,70
539,8,80
540,1,10
540,2,20
540,3,30
540,4,40
540,5,50
540,6,60
540,7,70
540,8,80
541,1,10
541,2,10
541,3,10
541,4,10
541,5,10
541,6,10
541,7,10
541,8,10
542,1,10
542,2,10
542,3,10
542,4,10
542,5,10
542,6,10
542,7,10
542,8,10
543,1,10
543,2,20
543,3,30
543,4,40
543,5,50
543,6,60
543,7,70
543,8,80
544,1,10
544,2,20
544,3,30
544,4,40
544,5,50
544,6,60
544,7,70
544,8,80
545,1,10
545,2,20
545,3,30
545,4,40
545,5,50
545,6,60
545,7,70
545,8,80
546,1,10
546,2,10
546,3,10
546,4,10
546,5,10
546,6,10
546,7,10
546,8,10
547,1,80
547,2,70
547,3,60
547,4,50
547,5,40
547,6,30
547,7,20
547,8,10
548,1,10
548,2,10
548,3,10
548,4,10
548,5,10
548,6,10
548,7,10
548,8,10
549,1,80
549,2,70
549,3,60
549,4,50
549,5,40
549,6,30
549,7,20
549,8,10
550,1,10
550,2,20
550,3,30
550,4,40
550,5,50
550,6,60
550,7,70
550,8,80
551,1,80
551,2,70
551,3,60
551,4,50
551,5,40
551,6,30
551,7,20
551,8,10
552,1,80
552,2,70
552,3,60
552,4,50
552,5,40
552,6,30
552,7,20
552,8,10
553,1,10
553,2,10
553,3,10
553,4,10
553,5,10
553,6,10
553,7,10
553,8,10
554,1,10
554,2,20
554,3,30
554,4,40
554,5,50
554,6,60
554,7,70
554,8,80
555,1,10
555,2,10
555,3,10
555,4,10
555,5,10
555,6,10
555,7,10
555,8,10
556,1,10
556,2,10
556,3,10
556,4,10
556,5,10
556,6,10
556,7,10
556,8,10
557,1,80
557,2,70
557,3,60
557,4,50
557,5,40
557,6,30
557,7,20
557,8,10
558,1,10
558,2,10
558,3,10
558,4,10
558,5,10
558,6,10
558,7,10
558,8,10
559,1,10
559,2,20
559,3,30
559,4,40
559,5,50
559,6,60
559,7,70
559,8,80
560,1,10
560,2,10
560,3,10
560,4,10
560,5,10
560,6,10
560,7,10
560,8,10
561,1,10
561,2,20
561,3,30
561,4,40
561,5,50
561,6,60
561,7,70
561,8,80
562,1,10
562,2,10
562,3,10
562,4,10
562,5,10
562,6,10
562,7,10
562,8,10
563,1,10
563,2,20
563,3,30
563,4,40
563,5,50
563,6,60
563,7,70
563,8,80
564,1,10
564,2,10
564,3,10
564,4,10
564,5,10
564,6,10
564,7,10
564,8,10
565,1,80
565,2,70
565,3,60
565,4,50
565,5,40
565,6,30
565,7,20
565,8,10
566,1,10
566,2,20
566,3,30
566,4,40
566,5,50
566,6,60
566,7,70
566,8,80
567,1,10
567,2,10
567,3,10
567,4,10
567,5,10
567,6,10
567,7,10
567,8,10
568,1,10
568,2,20
568,3,30
568,4,40
568,5,50
568,6,60
568,7,70
568,8,80
569,1,10
569,2,20
569,3,30
569,4,40
569,5,50
569,6,60
569,7,70
569,8,80
570,1,10
570,2,10
570,3,10
570,4,10
570,5,10
570,6,10
570,7,10
570,8,10
571,1,80
571,2,70
571,3,60
571,4,50
571,5,40
571,6,30
571,7,20
571,8,10
572,1,80
572,2,70
572,3,60
572,4,50
572,5,40
572,6,30
572,7,20
572,8,10
573,1,10
573,2,20
573,3,30
573,4,40
573,5,50
573,6,60
573,7,70
573,8,80
574,1,80
574,2,70
574,3,60
574,4,50
574,5,40
574,6,30
574,7,20
574,8,10
575,1,10
575,2,20
575,3,30
575,4,40
575,5,50
575,6,60
575,7,70
575,8,80
576,1,10
576,2,20
576,3,30
576,4,40
576,5,50
576,6,60
576,7,70
576,8,80
577,1,10
577,2,20
577,3,30
577,4,40
577,5,50
577,6,60
577,7,70
577,8,80
578,1,10
578,2,20
578,3,30
578,4,40
578,5,50
578,6,60
578,7,70
578,8,80
579,1,80
579,2,70
579,3,60
579,4,50
579,5,40
579,6,30
579,7,20
579,8,10
580,1,80
580,2,70
580,3,60
580,4,50
580,5,40
580,6,30
580,7,20
580,8,10
581,1,10
581,2,10
581,3,10
581,4,10
581,5,10
581,6,10
581,7,10
581,8,10
582,1,10
582,2,10
582,3,10
582,4,10
582,5,10
582,6,10
582,7,10
582,8,10
583,1,80
583,2,70
583,3,60
583,4,50
583,5,40
583,6,30
583,7,20
583,8,10
584,1,10
584,2,20
584,3,30
584,4,40
584,5,50
584,6,60
584,7,70
584,8,80
585,1,10
585,2,10
585,3,10
585,4,10
585,5,10
585,6,10
585,7,10
585,8,10
586,1,80
586,2,70
586,3,60
586,4,50
586,5,40
586,6,30
586,7,20
586,8,10
587,1,10
587,2,10
587,3,10
587,4,10
587,5,10
587,6,10
587,7,10
587,8,10
588,1,80
588,2,70
588,3,60
588,4,50
588,5,40
588,6,30
588,7,20
588,8,10
589,1,80
589,2,70
589,3,60
589,4,50
589,5,40
589,6,30
589,7,20
589,8,10
590,1,80
590,2,70
590,3,60
590,4,50
590,5,40
590,6,30
590,7,20
590,8,10
591,1,10
591,2,10
591,3,10
591,4,10
591,5,10
591,6,10
591,7,10
591,8,10
592,1,80
592,2,70
592,3,60
592,4,50
592,5,40
592,6,30
592,7,20
592,8,10
593,1,10
593,2,20
593,3,30
593,4,40
593,5,50
593,6,60
593,7,70
593,8,80
594,1,80
594,2,70
594,3,60
594,4,50
594,5,40
594,6,30
594,7,20
594,8,10
595,1,10
595,2,20
595,3,30
595,4,40
595,5,50
595,6,60
595,7,70
595,8,80
596,1,80
596,2,70
596,3,60
596,4,50
596,5,40
596,6,30
596,7,20
596,8,10
597,1,10
597,2,20
597,3,30
597,4,40
597,5,50
597,6,60
597,7,70
597,8,80
598,1,10
598,2,20
598,3,30
598,4,40
598,5,50
598,6,60
598,7,70
598,8,80
599,1,10
599,2,10
599,3,10
599,4,10
599,5,10
599,6,10
599,7,10
599,8,10
600,1,10
600,2,10
600,3,10
600,4,10
600,5,10
600,6,10
600,7,10
600,8,10
